0.22 0.26 0.74 0.75 0.77 0.58 0.75 0.97 0.77 0.28
0.54 0.41 0.64 0.65 0.56 0.38 0.48 0.50 0.91 0.48
0.20 0.21 0.20 0.89 0.11 0.29 0.23 0.64 0.39 0.91
0.25 0.65 0.96 0.13 0.78 0.80 0.74 0.63 0.86 0.08
0.64 0.44 0.10 0.62 0.48 0.28 0.82 0.01 0.21 0.28
0.66 0.14 0.78 0.97 0.12 0.93 0.26 0.33 0.47 0.63
0.32 1.00 0.83 0.15 0.77 0.72 0.35 0.76 0.72 0.35
0.28 0.37 0.97 0.86 0.74 0.23 0.19 0.81 0.73 0.08
0.10 0.49 0.39 0.36 0.74 0.31 0.04 0.61 0.23 0.65
0.63 0.01 0.16 0.09 0.35 0.30 0.98 0.55 0.99 0.98
0.95 0.59 0.99 0.22 0.17 0.82 0.35 0.33 0.95 0.66
0.50 0.91 0.70 0.83 0.77 0.08 0.74 0.62 0.28 0.52
0.41 0.86 0.43 0.59 0.78 0.39 0.64 0.60 0.74 0.54
0.78 0.64 0.00 0.96 0.68 0.02 0.94 0.49 0.26 0.37
0.44 0.67 0.35 0.47 0.92 0.09 0.31 0.92 0.27 0.09
0.60 0.50 0.25 0.51 0.91 0.12 0.92 0.51 0.18 0.95
0.55 0.70 0.23 0.18 0.06 0.52 0.10 0.55 0.36 0.14
0.35 0.76 0.58 0.94 0.88 0.91 0.37 0.81 0.74 0.76
0.75 0.99 0.26 0.73 0.45 0.25 0.30 0.99 0.76 0.51
0.94 1.00 0.81 0.22 0.62 0.88 0.56 0.46 0.41 0.86
0.99 0.15 0.08 0.92 0.50 0.38 0.92 0.64 0.87 0.85
0.09 0.13 0.76 0.28 0.31 0.15 0.46 0.36 0.57 0.85
0.40 0.37 0.33 0.88 0.25 0.60 0.58 0.70 0.01 0.99
0.76 0.80 0.52 0.03 0.89 0.65 0.01 0.64 0.74 0.77
0.01 0.19 0.84 0.22 0.63 0.26 0.83 0.68 0.47 0.22
0.35 0.46 0.57 0.08 0.91 0.11 0.10 0.39 0.78 0.86
0.00 0.01 0.08 0.70 0.35 0.93 0.16 0.02 0.97 0.29
0.72 0.50 0.25 0.29 0.18 0.09 0.53 0.46 0.52 0.90
0.98 0.17 0.74 0.95 0.82 0.13 0.77 0.89 0.68 0.49
0.44 0.21 0.62 0.04 0.18 0.97 0.76 0.26 0.74 0.34
0.10 0.51 0.34 0.09 0.56 0.19 0.58 0.32 0.04 0.04
0.42 0.82 0.78 0.18 0.76 0.22 0.72 0.11 0.87 0.03
0.23 0.98 0.36 0.22 0.01 0.71 0.94 0.95 0.47 0.79
0.64 0.18 0.94 0.20 0.79 0.65 0.33 0.58 0.57 0.43
0.24 0.99 0.56 0.67 0.58 0.67 0.32 0.58 0.69 0.70
0.99 0.48 0.38 0.78 0.83 0.92 0.21 0.17 0.82 0.68
0.92 0.86 0.18 0.07 0.84 0.33 0.60 0.60 0.29 0.69
0.31 0.31 0.36 0.98 0.49 0.54 0.54 0.39 0.97 0.15
0.37 0.34 0.78 0.54 0.90 0.40 0.86 0.80 0.90 0.17
0.17 0.14 0.39 0.39 0.93 0.03 0.45 0.54 0.98 0.25
0.94 0.82 0.43 0.02 0.97 0.96 0.44 0.55 0.54 0.77
0.40 0.64 0.65 0.86 0.51 0.01 0.41 0.94 1.00 1.00
0.91 0.66 0.54 0.74 0.74 0.22 0.14 0.36 0.26 0.75
0.82 0.65 0.44 0.12 0.00 0.46 0.71 0.50 0.37 0.06
0.80 0.70 0.77 0.27 0.51 0.02 0.96 0.71 0.84 0.61
0.63 0.33 0.80 0.94 0.49 0.36 0.85 0.21 0.67 0.35
0.31 0.13 0.73 0.36 0.56 0.68 0.12 0.65 1.00 0.93
0.04 0.66 0.91 0.34 0.69 0.81 0.07 0.17 0.24 0.73
0.14 0.59 0.16 0.09 0.18 0.89 0.13 0.40 0.71 0.57
0.18 0.35 0.30 0.37 0.88 0.44 0.41 0.12 0.06 0.33
0.61 0.83 0.12 0.75 0.56 0.51 0.09 0.56 0.88 0.35
0.43 0.58 0.38 0.01 0.48 0.38 0.36 0.20 0.16 0.60
0.22 0.81 0.68 0.92 0.36 0.50 0.01 0.42 0.33 0.42
0.64 0.94 0.80 0.17 0.22 0.94 0.35 0.84 0.72 0.30
0.83 0.99 0.22 0.54 0.91 0.61 0.23 0.15 0.75 0.26
0.59 0.02 0.08 0.97 0.16 0.11 0.51 0.20 0.98 0.66
0.48 0.02 0.55 0.14 0.19 0.89 0.65 0.23 0.09 0.11
0.85 0.39 0.60 0.44 0.93 0.17 0.04 0.25 0.90 0.88
0.80 0.58 0.63 0.07 0.78 0.79 0.34 0.13 0.94 0.08
0.57 0.40 0.05 0.89 0.98 0.10 0.27 0.99 0.75 0.10
0.60 0.65 0.85 0.98 0.75 0.67 0.77 0.11 0.73 0.19
0.76 0.84 0.88 0.54 0.30 0.98 0.41 0.07 0.91 0.14
0.90 0.74 0.86 0.94 0.90 0.03 0.03 0.08 0.66 0.55
0.69 0.66 0.10 0.81 0.91 0.98 0.87 0.66 0.15 0.13
0.82 0.57 0.21 0.80 0.93 0.78 0.05 0.93 0.08 0.53
0.84 0.03 0.81 0.79 0.18 0.34 0.84 0.91 0.04 0.95
0.90 0.18 0.68 0.62 0.65 0.07 0.33 0.32 0.27 0.49
0.07 0.46 0.01 0.99 0.02 0.07 0.35 0.95 0.37 0.95
0.70 0.09 0.61 0.10 0.68 0.98 0.41 0.94 0.90 0.97
0.07 0.33 0.69 0.60 0.91 0.83 0.40 0.96 0.82 0.14
0.71 0.44 0.24 0.62 0.53 0.78 0.37 0.81 0.79 0.22
0.26 0.38 0.09 0.74 0.89 0.05 0.65 0.93 0.60 0.58
0.73 0.97 0.35 0.43 0.53 0.45 0.02 0.37 0.34 0.43
1.00 0.93 0.81 0.97 0.26 0.37 0.06 0.65 0.26 0.10
0.08 0.39 0.65 0.28 0.53 0.94 0.82 0.20 0.81 0.45
0.25 0.24 0.29 0.64 0.80 0.85 0.09 0.95 0.15 0.86
0.40 0.50 0.86 0.33 0.58 0.59 0.22 0.66 0.48 0.79
0.89 0.64 0.06 0.02 0.19 0.45 0.30 0.30 0.41 0.08
0.45 0.06 0.41 0.45 0.51 0.45 0.86 0.84 0.91 0.88
0.08 0.51 0.06 0.80 0.38 0.89 0.31 0.14 0.67 0.95
0.99 0.76 0.75 0.66 0.75 0.02 0.34 0.63 0.18 0.33
0.17 0.68 0.68 0.17 0.49 0.69 0.99 0.74 0.05 0.00
0.38 0.24 0.71 0.66 0.49 0.41 0.90 0.10 0.51 0.31
0.30 0.34 0.66 0.33 0.26 0.46 0.90 0.16 0.92 0.54
0.05 0.76 0.30 0.53 0.26 0.98 0.10 0.88 0.66 0.38
0.49 0.17 0.37 0.15 0.13 0.44 0.65 0.20 0.21 0.53
0.70 0.34 0.04 0.69 0.24 0.95 0.74 0.16 0.93 0.49
0.36 0.60 0.27 0.46 0.52 0.07 0.42 0.71 0.87 0.67
0.48 0.57 0.39 0.36 0.61 0.62 0.96 0.51 0.19 0.28
0.91 0.53 0.07 0.17 0.84 0.08 0.80 0.23 0.46 0.27
0.98 0.88 0.23 0.94 0.05 0.35 0.16 0.34 0.29 1.00
0.15 0.22 0.86 0.00 0.50 0.54 0.89 0.66 0.47 0.03
0.04 0.55 0.36 0.27 0.47 0.67 0.46 0.11 0.97 0.58
0.95 0.77 0.37 0.99 0.13 0.41 0.06 0.12 0.00 0.21
0.56 0.65 0.94 0.10 0.24 0.50 0.93 0.41 0.58 0.41
0.30 0.98 0.76 0.16 0.81 0.20 0.91 0.22 0.74 0.28
0.87 0.12 0.33 0.04 0.89 0.21 0.54 0.29 0.26 0.95
0.53 0.98 0.82 0.84 0.50 0.71 0.86 0.47 0.90 0.99
0.38 0.19 0.10 0.16 0.30 0.57 0.78 0.88 0.21 0.04
0.72 0.04 0.28 0.67 0.40 0.56 0.23 0.94 0.10 0.87
